         cycles        counter    temperature          E avg       Heat cap          M avg      Magn susp      M avg abs     E variance     M variance              E
              1        3277907      2.0000000     -1.7391466      1.1833231     0.43750004      492.04403     0.88887866      4.7332923      984.08806     -2872.0000
              1        3228864      2.0050000     -1.7396389     0.97775567    -0.44913150      493.44606     0.90303643      3.9306022      989.35935     -2684.0000
              1        3417144      2.0100000     -1.7351635      1.0358053     0.46620773      472.28753     0.89468957      4.1847571      949.29794     -2740.0000
              1        3334890      2.0150000     -1.7312508      1.0256086     0.45614146      479.21948     0.89730289      4.1642018      965.62725     -2720.0000
              1        3389383      2.0200000     -1.7289655     0.99265456    -0.45094816      482.00766     0.89859376      4.0504277      973.65548     -2796.0000
              1        3440210      2.0250000     -1.7226237      1.1243401     0.88647458      9.7721761     0.88666988      4.6104969      19.788657     -2636.0000
              1        3524372      2.0300000     -1.7198702      1.0589463    -0.44642981      475.53861     0.89277466      4.3638118      965.34338     -2732.0000
              1        3548055      2.0350000     -1.7158043      1.0868603    -0.44139777      473.43255     0.88842113      4.5009332      963.43524     -2848.0000
              1        3735244      2.0400000     -1.7092515      1.2239941    -0.45095722      456.33268     0.87904487      5.0937740      930.91867     -2676.0000
              1        3742022      2.0450000     -1.7079555      1.1003791  -0.0041287125      618.05725     0.88424749      4.6018131      1263.9271     -2888.0000
              1        3725709      2.0500000     -1.7055373      1.0142792  0.00095662500      618.72574     0.88856195      4.2625084      1268.3878     -2792.0000
              1        3778205      2.0550000     -1.7012192      1.0045835    -0.44234881      461.75580     0.88654674      4.2423811      948.90817     -2636.0000
              1        3846861      2.0600000     -1.6942474      1.2324471    0.010959675      600.26361     0.87179420      5.2300123      1236.5430     -2656.0000
              1        3918968      2.0650000     -1.6922991      1.0290969   0.0011779500      605.16888     0.88243030      4.3883007      1249.6737     -2720.0000
              1        3934565      2.0700000     -1.6856937      1.1898792     0.44426691      440.36157     0.86911284      5.0985133      911.54844     -2768.0000
              1        4082096      2.0750000     -1.6823900      1.1138500     0.44173610      442.38756     0.87373310      4.7958202      917.95419     -2712.0000
              1        4164652      2.0800000     -1.6762753      1.3281702    -0.85287826      18.266198     0.85577544      5.7461954      37.993691     -2688.0000
              1        4164176      2.0850000     -1.6741480      1.1535298   0.0012502625      584.57790     0.86947746      5.0146536      1218.8449     -2792.0000
              1        4208503      2.0900000     -1.6692706      1.1492064   0.0014753500      579.07776     0.86602613      5.0198486      1210.2725     -2732.0000
              1        4386829      2.0950000     -1.6637065      1.1855025    -0.42813050      433.14302     0.86230170      5.2032000      907.43463     -2676.0000
              1        4326188      2.1000000     -1.6599214      1.2134474  -0.0073118250      568.46702     0.85948255      5.3513030      1193.7807     -2684.0000
              1        4459407      2.1050000     -1.6547721      1.1613376    -0.85981338      3.5453705     0.85983983      5.1459159      7.4630049     -2632.0000
              1        4495003      2.1100000     -1.6481666      1.2770315     0.42547483      418.05303     0.85082295      5.6854720      882.09189     -2756.0000
              1        4599128      2.1150000     -1.6443041      1.2151661    -0.42658993      416.25194     0.85217027      5.4357113      880.37284     -2668.0000
              1        4645817      2.1200000     -1.6392102      1.1785290    -0.42777234      410.77395     0.85003049      5.2967809      870.84077     -2788.0000
              1        4744802      2.1250000     -1.6340960      1.2718112    -0.42268120      407.32209     0.84366965      5.7430225      865.55943     -2528.0000
              1        4808922      2.1300000     -1.6299977      1.2266780 -0.00076060000      540.31295     0.84569218      5.5653154      1150.8666     -2544.0000
              1        4871415      2.1350000     -1.6225926      1.2995171  -0.0017123500      530.67383     0.83680110      5.9234914      1132.9886     -2568.0000
              1        4952029      2.1400000     -1.6201421      1.2726994     0.41550592      401.08440     0.83843370      5.8284543      858.32062     -2728.0000
              1        5052999      2.1450000     -1.6148471      1.2531915   0.0027810250      524.56012     0.83497453      5.7659653      1125.1815     -2640.0000
              1        5126944      2.1500000     -1.6087614      1.2612260    -0.41636330      389.77698     0.83168522      5.8300172      838.02052     -2632.0000
              1        5129025      2.1550000     -1.6039120      1.2575279    -0.41630075      386.70013     0.83104173      5.8399912      833.33878     -2764.0000
              1        5246975      2.1600000     -1.5966864      1.3239964   0.0033928000      504.85889     0.82105253      6.1772376      1090.4952     -2484.0000
              1        5498016      2.1650000     -1.5880950      1.4354568   0.0038341875      493.00631     0.81147021      6.7283091      1067.3587     -2548.0000
              1        5560611      2.1700000     -1.5830961      1.4833664    0.010745275      488.44607     0.80791610      6.9850239      1059.9280     -2504.0000
              1        5482756      2.1750000     -1.5811852      1.2629506     0.81485346      3.1963023     0.81493864      5.9745457      6.9519575     -2428.0000
              1        5586553      2.1800000     -1.5738074      1.3439440 -0.00057171250      484.17018     0.80978269      6.3869595      1055.4910     -2468.0000
              1        5722183      2.1850000     -1.5647086      1.4630890     0.39540922      356.75177     0.79764885      6.9851159      779.50263     -2564.0000
              1        5918879      2.1900000     -1.5544365      1.6257604    -0.38039344      346.84917     0.77725284      7.7973096      759.59969     -2512.0000
              1        6024391      2.1950000     -1.5520800      1.4992919    0.080960488      453.26527     0.78736301      7.2236260      994.91727     -2388.0000
              1        6000439      2.2000000     -1.5464162      1.4865643     0.78366838      6.1224146     0.78386743      7.1949714      13.469312     -2492.0000
              1        6337435      2.2050000     -1.5321282      1.8155759    0.068560613      423.46217     0.75359804      8.8273754      933.73408     -2432.0000
              1        6266302      2.2100000     -1.5312941      1.5883168   -0.055654925      432.03322     0.76723148      7.7574983      954.79342     -2556.0000
              1        6371332      2.2150000     -1.5214324      1.6218111   0.0040358000      420.41099     0.75397063      7.9569700      931.21035     -2612.0000
              1        6487257      2.2200000     -1.5154325      1.7207423     0.37768375      309.25900     0.74511943      8.4805064      686.55498     -2344.0000
              1        6572857      2.2250000     -1.5113361      1.6249266     0.36947399      314.61477     0.74983344      8.0444023      700.01786     -2612.0000
              1        6739907      2.2300000     -1.4975004      1.7433686     0.35984434      296.47061     0.72472071      8.6695977      661.12947     -2232.0000
              1        6920576      2.2350000     -1.4876293      1.7955388  -0.0037997000      377.32171     0.71204953      8.9691204      843.31402     -2236.0000
              1        7022053      2.2400000     -1.4809617      1.8782223    0.037001300      369.33969     0.70415582      9.4241684      827.32091     -2272.0000
              1        7099291      2.2450000     -1.4744181      1.7664459     0.70508334      11.370998     0.70516026      8.9029315      25.527891     -2288.0000
              1        7287555      2.2500000     -1.4597989      2.0212245    0.010453125      338.08470     0.66509143      10.232449      760.69057     -2428.0000
              1        7300762      2.2550000     -1.4530051      1.9823335    -0.59127364      85.750009     0.66749121      10.080215      193.36627     -2388.0000
              1        7585808      2.2600000     -1.4426284      1.9568871    -0.47769274      158.64748     0.65234044      9.9949965      358.54330     -2164.0000
              1        7686920      2.2650000     -1.4279209      2.0681438     0.32286910      222.00389     0.61963023      10.610043      502.83882     -2424.0000
              1        7757612      2.2700000     -1.4322983      1.9399008    -0.36218739      221.63455     0.64923216      9.9961146      503.11044     -2396.0000
              1        7950438      2.2750000     -1.4169349      2.0524493    0.011248963      287.01856     0.61177506      10.622708      652.96723     -2160.0000
              1        7985734      2.2800000     -1.4048160      2.1198089     0.46204368      120.62983     0.59022880      11.019615      275.03601     -2052.0000
              1        8087680      2.2850000     -1.4027524      1.9914324    -0.29714454      211.73095     0.59996956      10.397716      483.80523     -2328.0000
              1        8465429      2.2900000     -1.3870255      2.0768533    -0.21959796      216.00902     0.56522584      10.891226      494.66067     -2188.0000
              1        8503643      2.2950000     -1.3853287      1.9656667     0.10377490      248.78735     0.57916895      10.353216      570.96696     -2300.0000
              1        8673631      2.3000000     -1.3670681      2.0551301    0.048488050      219.15419     0.52098408      10.871638      504.05465     -2296.0000
              1        8843731      2.3050000     -1.3553358      2.0974461   -0.027991575      204.89517     0.49871523      11.143784      472.28337     -2100.0000
              1        8966052      2.3100000     -1.3545199      2.0064222    0.014214850      214.18249     0.51941178      10.706469      494.76155     -2060.0000
              1        9185593      2.3150000     -1.3375920      1.8993414    -0.11549551      173.79724     0.46939766      10.178998      402.34062     -1860.0000
              1        9244941      2.3200000     -1.3235821      1.8404237   -0.080057563      158.28674     0.43692319      9.9058965      367.22523     -2100.0000
              1        9477249      2.3250000     -1.3197451      1.8684589   -0.097435362      158.31203     0.44245574      10.100188      368.07546     -1900.0000
              1        9676754      2.3300000     -1.3055602      1.7828114   -0.030263688      139.91142     0.39994726      9.6787047      325.99361     -2068.0000
              1        9759706      2.3350000     -1.3010725      1.7492939     0.11570110      131.78541     0.40343505      9.5375440      307.71893     -2080.0000
              1        9917845      2.3400000     -1.2880384      1.6320210   -0.058688650      120.08097     0.37062783      8.9362939      280.98947     -1896.0000
              1        9983652      2.3450000     -1.2831066      1.6564908  -0.0077667250      119.43422     0.36436508      9.1090842      280.07325     -1900.0000
              1       10078369      2.3500000     -1.2779027      1.5656126    0.091696875      112.95071     0.36747703      8.6460958      265.43418     -1848.0000
              1       10192711      2.3550000     -1.2722546      1.5643154   -0.040646600      114.29158     0.36124900      8.6757323      269.15667     -2076.0000
              1       10463516      2.3600000     -1.2599485      1.5520937    0.012967100      101.58132     0.33289833      8.6445413      239.73193     -1992.0000
              1       10518225      2.3650000     -1.2531413      1.4578370    0.049845725      88.234318     0.31188295      8.1540102      208.67416     -2024.0000
              1       10648326      2.3700000     -1.2502909      1.4422512  -0.0039403125      96.809136     0.32788279      8.1009807      229.43765     -1780.0000
              1       10761986      2.3750000     -1.2377967      1.3630418   -0.039589950      80.165199     0.29435460      7.6884078      190.39235     -2072.0000
              1       10841669      2.3800000     -1.2325443      1.3817907    0.040385125      75.841773     0.28284455      7.8270155      180.50342     -1932.0000
              1       11015244      2.3850000     -1.2243824      1.3348192   -0.012979175      71.165563     0.27298528      7.5927518      169.72987     -1904.0000
              1       11024463      2.3900000     -1.2175321      1.2622596   -0.022827713      69.943368     0.27213404      7.2101530      167.16465     -2104.0000
              1       11177064      2.3950000     -1.2127426      1.2231175    0.026169725      62.203606     0.25422708      7.0158328      148.97764     -1932.0000
              1       11203916      2.4000000     -1.2081369      1.2243942  -0.0091026125      63.413798     0.25927281      7.0525107      152.19312     -1956.0000
