         cycles        counter    temperature          E avg       Heat cap          M avg      Magn susp      M avg abs     E variance     M variance              E
              1        7772567      2.0000000     -1.7346648      2.0821909     0.46386896      992.80004     0.85130661      8.3287635      1985.6001     -6312.0000
              1        7309543      2.0050000     -1.7338455      1.8064937     0.45565210      1030.5432     0.86665914      7.2621500      2066.2392     -6332.0000
              1        7787798      2.0100000     -1.7312772      1.6614565    -0.46594657      1021.0272     0.87465762      6.7124505      2052.2646     -6304.0000
              1        7572856      2.0150000     -1.7263312      1.8414821    0.010606867      1394.9242     0.86976461      7.4768317      2810.7723     -6340.0000
              1        7690844      2.0200000     -1.7251222      1.6214012    0.010729228      1408.9773     0.87996419      6.6159655      2846.1341     -6236.0000
              1        7838098      2.0250000     -1.7190265      1.7482693   -0.017796206      1376.4031     0.86747429      7.1689967      2787.2162     -6232.0000
              1        8004495      2.0300000     -1.7194555      1.3267428   0.0062108333      1414.0579     0.88918046      5.4673746      2870.5375     -6216.0000
              1        8162573      2.0350000     -1.7131205      1.6043609     0.87317503      28.197669     0.87349951      6.6440195      57.382257     -6244.0000
              1        8141321      2.0400000     -1.7129132      1.2204245  -0.0023935000      1405.8587     0.89050083      5.0789187      2867.9518     -6112.0000
              1        8296983      2.0450000     -1.7067625      1.4797189     0.44108124      1037.5085     0.88064381      6.1882214      2121.7048     -6036.0000
              1        8368015      2.0500000     -1.6991210      1.7621601     0.42713414      1004.7904     0.85404222      7.4054776      2059.8204     -5896.0000
              1        8538553      2.0550000     -1.6985501      1.5150936    -0.43357954      1029.2366     0.87430012      6.3982783      2115.0812     -6216.0000
              1        8734742      2.0600000     -1.6948261      1.4517508  -0.0013199667      1355.5674     0.87650130      6.1606498      2792.4689     -6176.0000
              1        8878028      2.0650000     -1.6868331      1.7459122   0.0012790389      1306.3430     0.85390927      7.4449626      2697.5983     -6160.0000
              1        9080448      2.0700000     -1.6816380      1.8264357   -0.016401672      1292.8878     0.85041024      7.8260943      2676.2777     -6168.0000
              1        9172882      2.0750000     -1.6798182      1.5325054    -0.43025058      985.57007     0.86091497      6.5983936      2045.0579     -5960.0000
              1        9177376      2.0800000     -1.6773605      1.3989689 -0.00031430556      1312.5976     0.86681742      6.0524990      2730.2030     -6112.0000
              1        9362388      2.0850000     -1.6711705      1.6279120    0.017789033      1285.4397     0.85432936      7.0768997      2680.1418     -5884.0000
              1        9531693      2.0900000     -1.6682004      1.4810009     0.43575299      965.43139     0.86225017      6.4691602      2017.7516     -6028.0000
              1        9707681      2.0950000     -1.6623157      1.5902294     0.43076068      950.35050     0.85258262      6.9795567      1990.9843     -5960.0000
              1        9923500      2.1000000     -1.6576525      1.5808980     0.43489909      934.11936     0.84933956      6.9717603      1961.6507     -5964.0000
              1       10004769      2.1050000     -1.6473871      1.9901127    0.038958300      1192.7619     0.81648458      8.8182393      2510.7637     -6232.0000
              1       10307970      2.1100000     -1.6456403      1.8022590    -0.41978894      917.99275     0.83405047      8.0238373      1936.9647     -6084.0000
              1       10307247      2.1150000     -1.6441187      1.4951768     0.84868462      11.657909     0.84872161      6.6882623      24.656478     -5956.0000
              1       10591192      2.1200000     -1.6331426      1.9626599   0.0030987111      1167.7411     0.81188440      8.8209789      2475.6111     -5848.0000
              1       11043263      2.1250000     -1.6299166      1.7140753    -0.40531276      902.74002     0.82477898      7.7401213      1918.3225     -5960.0000
              1       10834744      2.1300000     -1.6273695      1.5837819    -0.41583571      895.85879     0.83192487      7.1854603      1908.1792     -5792.0000
              1       11106592      2.1350000     -1.6218484      1.6146992     0.41468394      894.19150     0.83330772      7.3601621      1909.0989     -5832.0000
              1       11259310      2.1400000     -1.6155522      1.7012623     0.41961457      863.73254     0.82272768      7.7911007      1848.3876     -5940.0000
              1       11411114      2.1450000     -1.6096159      1.7570698    0.011167733      1135.7281     0.81127881      8.0843222      2436.1368     -5600.0000
              1       11542413      2.1500000     -1.6052886      1.6243734     0.40722447      864.14686     0.82056051      7.5086661      1857.9158     -5564.0000
              1       11687936      2.1550000     -1.5993682      1.8076140   -0.014836500      1121.1388     0.80947373      8.3946044      2416.0542     -5824.0000
              1       11905696      2.1600000     -1.5961623      1.5278244     0.82215316      7.3932812     0.82217937      7.1282174      15.969487     -5696.0000
              1       12059970      2.1650000     -1.5876602      1.6978604    -0.39767821      835.80905     0.80582036      7.9582538      1809.5266     -5564.0000
              1       12312580      2.1700000     -1.5832630      1.5783032    -0.40614029      825.55051     0.81067202      7.4320720      1791.4446     -5796.0000
              1       12616735      2.1750000     -1.5747149      1.7200578   0.0047725722      1064.4072     0.79494342      8.1369483      2315.0857     -5472.0000
              1       12781560      2.1800000     -1.5695224      1.7538184     0.39721597      794.66499     0.79290249      8.3348466      1732.3697     -5956.0000
              1       12924554      2.1850000     -1.5611793      1.8393421     0.38710576      777.76798     0.77917415      8.7814333      1699.4230     -5516.0000
              1       13112171      2.1900000     -1.5572582      1.7153308     0.78548488      13.277442     0.78551035      8.2268980      29.077598     -5680.0000
              1       13488482      2.1950000     -1.5468880      1.9954423    -0.38442176      745.15111     0.76590797      9.6140907      1635.6067     -5752.0000
              1       13791549      2.2000000     -1.5431095      1.7327899  -0.0030785111      993.19720     0.77465376      8.3867033      2185.0338     -5760.0000
              1       13887020      2.2050000     -1.5307879      2.0055806     0.73877191      38.696302     0.74013745      9.7511830      85.325345     -5448.0000
              1       14250453      2.2100000     -1.5251278      2.0280686    -0.36617082      710.11034     0.74294674      9.9052896      1569.3438     -5352.0000
              1       14347372      2.2150000     -1.5220803      1.8380952    -0.37124224      712.44260     0.75313374      9.0181089      1578.0604     -5464.0000
              1       14880745      2.2200000     -1.5066171      2.1503741    -0.33762231      676.64029     0.71202974      10.597904      1502.1414     -5676.0000
              1       14957220      2.2250000     -1.5051317      1.9622976    0.018317478      881.70841     0.72835922      9.7145995      1961.8012     -5400.0000
              1       15421109      2.2300000     -1.4934278      2.1311852 -0.00089921111      829.41235     0.70403263      10.598171      1849.5895     -5532.0000
              1       15551557      2.2350000     -1.4850440      2.2190270     0.68929141      44.862604     0.69340272      11.084539      100.26792     -5464.0000
              1       15898618      2.2400000     -1.4804891      2.1364268     0.34155619      619.96719     0.69610537      10.719735      1388.7265     -5076.0000
              1       15861196      2.2450000     -1.4691837      2.1904256     0.31523799      601.64130     0.67172013      11.039800      1350.6847     -5068.0000
              1       16581813      2.2500000     -1.4643559      2.1025843     0.32450915      590.23335     0.67297127      10.644333      1328.0250     -5256.0000
              1       16901015      2.2550000     -1.4481784      2.1381209    -0.31249311      539.03567     0.64179397      10.872398      1215.5254     -5288.0000
              1       17129665      2.2600000     -1.4350576      2.5093051   -0.091448200      614.83919     0.59282784      12.816527      1389.5366     -5100.0000
              1       17825758      2.2650000     -1.4271664      2.3993118     0.51095789      203.86477     0.60309934      12.309009      461.75370     -4924.0000
              1       17760908      2.2700000     -1.4175120      2.2625278    -0.17643208      536.20495     0.58261391      11.658580      1217.1852     -5220.0000
              1       18062703      2.2750000     -1.4135768      2.3178041     0.17189941      538.18237     0.58180333      11.996085      1224.3649     -5356.0000
              1       19022371      2.2800000     -1.3938693      2.3381175     0.10003268      470.09829     0.51506483      12.154470      1071.8241     -5084.0000
              1       18577392      2.2850000     -1.3857089      2.4109051    -0.40265687      213.99634     0.50712621      12.587878      488.98163     -4676.0000
              1       19007552      2.2900000     -1.3796671      2.3190740     0.27976529      337.07265     0.50211541      12.161456      771.89636     -4940.0000
              1       19510482      2.2950000     -1.3707516      2.2425371     0.11321854      413.80523     0.48927347      11.811499      949.68300     -4936.0000
              1       19942050      2.3000000     -1.3562322      2.1638764   -0.038431967      367.55216     0.44062212      11.446906      845.36996     -5028.0000
              1       20011729      2.3050000     -1.3481522      2.0954455     0.17005248      304.46509     0.42783134      11.133155      701.79203     -4864.0000
              1       20605006      2.3100000     -1.3397139      2.1222458   -0.037024172      338.88406     0.42618705      11.324516      782.82218     -4628.0000
              1       20831665      2.3150000     -1.3252797      2.0301853    0.091655267      256.96760     0.36209454      10.880220      594.88000     -4776.0000
              1       21285246      2.3200000     -1.3163110      1.8988086   -0.011726850      245.39760     0.34307105      10.220147      569.32242     -4932.0000
              1       21552766      2.3250000     -1.3049982      1.7591388   0.0037493056      201.54307     0.30710564      9.5092446      468.58763     -4524.0000
              1       22004156      2.3300000     -1.3000471      1.6546167   -0.012959878      204.63140     0.31364383      8.9827489      476.79116     -4856.0000
              1       22098523      2.3350000     -1.2904770      1.6522861   -0.028040456      184.45545     0.29590840      9.0086355      430.70348     -4636.0000
              1       22615264      2.3400000     -1.2808193      1.4997728   -0.016830850      149.22592     0.26471898      8.2121557      349.18866     -4460.0000
              1       22754217      2.3450000     -1.2718778      1.5070076   -0.013987206      134.36179     0.24808278      8.2870725      315.07840     -4512.0000
              1       23031484      2.3500000     -1.2676314      1.5330040   -0.049036611      135.00284     0.25198326      8.4660143      317.25667     -4580.0000
              1       23394663      2.3550000     -1.2618339      1.4532097    0.024719478      138.25746     0.25428541      8.0595371      325.59633     -4832.0000
              1       23470828      2.3600000     -1.2546386      1.4063456    0.047534994      120.88678     0.23883308      7.8327823      285.29281     -4404.0000
              1       23863246      2.3650000     -1.2460165      1.3425903   0.0076832944      98.370795     0.20844136      7.5094095      232.64693     -4532.0000
              1       23993096      2.3700000     -1.2396152      1.2804874    0.012593800      90.868801     0.20094483      7.1923698      215.35906     -4504.0000
              1       24324059      2.3750000     -1.2364363      1.3219387    0.020697661      103.06969     0.21520432      7.4565603      244.79052     -4612.0000
              1       24572379      2.3800000     -1.2272359      1.2107930   0.0021828500      79.455359     0.18900346      6.8584159      189.10375     -4160.0000
              1       24590164      2.3850000     -1.2229753      1.3063577    0.046619322      83.624833     0.19606857      7.4308564      199.44523     -4420.0000
              1       24961296      2.3900000     -1.2154511      1.2270386   -0.028659000      71.620623     0.17721093      7.0089672      171.17329     -4192.0000
              1       25219020      2.3950000     -1.2107950      1.1708895    0.016164133      67.920850     0.17260531      6.7162515      162.67044     -4320.0000
              1       25421404      2.4000000     -1.2042346      1.1870260    0.013606806      62.816406     0.16557058      6.8372695      150.75938     -4104.0000
