         cycles        counter    temperature          E avg       Heat cap          M avg      Magn susp      M avg abs     E variance     M variance              E
              1       20118488      2.0000000     -1.7403409      2.6379710  -0.0018456760      3997.0068     0.88600664      10.551884      7994.0137     -17460.000
              1       20451467      2.0050000     -1.7355785      2.7094774   0.0084613300      3925.2686     0.87851532      10.892167      7870.1636     -17384.000
              1       20687786      2.0100000     -1.7161203      4.5454509    -0.23963588      2758.5931     0.71312939      18.364076      5544.7722     -17312.000
              1       21394053      2.0150000     -1.7183145      4.0409438    -0.36196244      2719.4659     0.77561925      16.407141      5479.7238     -17356.000
              1       21308704      2.0200000     -1.7185258      3.4681176    -0.44065000      2577.4847     0.81642878      14.151307      5206.5190     -17352.000
              1       22056938      2.0250000     -1.7032098      4.5915076    0.092393000      2849.7845     0.68240725      18.828051      5770.8135     -17256.000
              1       22381712      2.0300000     -1.6966912      4.8304896    0.048984350      2775.3533     0.67234881      19.905965      5633.9672     -17168.000
              1       22384969      2.0350000     -1.7129331      2.7680859  0.00095591400      3791.8376     0.86979155      11.463267      7716.3895     -17284.000
              1       22937940      2.0400000     -1.7042256      3.2087794    -0.51995676      2152.2335     0.80859868      13.353656      4390.5564     -17344.000
              1       23083279      2.0450000     -1.7060229      2.4208666    -0.43359429      2849.7989     0.87131043      10.124125      5827.8387     -17212.000
              1       23592072      2.0500000     -1.6973139      3.1724463     0.47991571      2419.0567     0.82791764      13.332206      4959.0661     -17036.000
              1       26602566      2.0550000     -1.6772542      4.7194217     0.11968039      2641.3844     0.65836363      19.930236      5428.0449     -17304.000
              1       24309861      2.0600000     -1.6937369      2.5018006 -0.00081515400      3703.8220     0.86746884      10.616641      7629.8734     -16896.000
              1       24999275      2.0650000     -1.6694284      4.5700154     0.23558748      2479.7977     0.68309227      19.487574      5120.7823     -17288.000
              1       25007528      2.0700000     -1.6717989      4.0573151    -0.71977928      543.26273     0.74432106      17.385189      1124.5538     -16656.000
              1       25325202      2.0750000     -1.6799494      2.3819788    -0.42479757      2710.4329     0.85448001      10.255908      5624.1483     -16676.000
              1       26018972      2.0800000     -1.6762758      2.2684253     0.85963005      41.144988     0.85964132      9.8141150      85.581576     -16424.000
              1       26605588      2.0850000     -1.6617397      3.6233853   -0.075205486      3071.0128     0.76857868      15.751671      6403.0617     -16840.000
              1       26852675      2.0900000     -1.6637561      2.8607850     0.45761613      2407.8884     0.82903780      12.496195      5032.4868     -16848.000
              1       28456614      2.0950000     -1.6566302      3.0153044     0.79593420      223.71006     0.79775280      13.234246      468.67258     -16468.000
              1       27741704      2.1000000     -1.6554323      2.6804716 -1.5520000E-05      3394.3775     0.83457659      11.820880      7128.1928     -16840.000
              1       33370559      2.1050000     -1.6280162      4.6354472   -0.094357708      2251.5032     0.59761606      20.539782      4739.4143     -16804.000
              1       28761921      2.1100000     -1.6446999      2.9042330     0.39575906      2549.3351     0.81828404      12.929936      5379.0971     -16212.000
              1       28951481      2.1150000     -1.6406962      2.7001976     0.40972444      2521.3834     0.82911116      12.078591      5332.7259     -16028.000
              1       29112260      2.1200000     -1.6370935      2.4520283    -0.41627608      2503.8094     0.83194971      11.020396      5308.0760     -16688.000
              1       30533113      2.1250000     -1.6245684      3.3908341  -0.0050310200      3012.2386     0.77071587      15.311735      6401.0071     -16344.000
              1       30382253      2.1300000     -1.6223469      3.2095006   0.0019744240      3111.2914     0.79438282      14.561183      6627.0506     -16368.000
              1       30977151      2.1350000     -1.6188088      3.0548054    -0.80417482      103.73956     0.80418084      13.924490      221.48395     -16180.000
              1       31530836      2.1400000     -1.6107431      3.0899810   -0.037204600      2978.7757     0.77363701      14.150877      6374.5799     -16024.000
              1       31766426      2.1450000     -1.5999369      3.7156279    0.073190900      2692.4612     0.72338441      17.095697      5775.3293     -16116.000
              1       32671446      2.1500000     -1.6034915      2.7209675     0.40927812      2285.0477     0.79938694      12.577672      4912.8525     -15864.000
              1       32957122      2.1550000     -1.5925066      3.3553486    0.020343684      2856.9891     0.76175784      15.582323      6156.8115     -16156.000
              1       33049922      2.1600000     -1.5880730      3.1071730  -0.0046784380      2852.1862     0.76367151      14.496826      6160.7222     -15872.000
              1       35867480      2.1650000     -1.5789477      3.4260619    -0.37645745      2060.4766     0.73519079      16.058723      4460.9319     -15940.000
              1       34288271      2.1700000     -1.5812390      2.3295536     0.40457720      2219.9854     0.79848023      10.969635      4817.3684     -16152.000
              1       35825151      2.1750000     -1.5706659      3.0914527    -0.36608629      2172.0465     0.76221340      14.624503      4724.2012     -15712.000
              1       36406668      2.1800000     -1.5608300      3.4731438  -0.0014922000      2565.0352     0.71382900      16.505769      5591.7767     -15520.000
              1       36065147      2.1850000     -1.5605818      2.5806782     0.38410338      2086.2949     0.76417065      12.320738      4558.5542     -15416.000
              1       36693296      2.1900000     -1.5502403      3.1801498     0.72768432      198.67410     0.73343035      15.252316      435.09627     -15760.000
              1       39290662      2.1950000     -1.5388914      3.5589103   -0.039018132      2385.3735     0.68837744      17.146919      5235.8948     -15640.000
              1       37860567      2.2000000     -1.5402045      2.8505574     0.36203100      2029.5128     0.74542241      13.796698      4464.9281     -15492.000
              1       39388408      2.2050000     -1.5293602      2.9587918   -0.022428218      2453.5079     0.71542045      14.385719      5409.9848     -15076.000
              1       39063966      2.2100000     -1.5283726      2.6606567  -0.0059005860      2609.1552     0.75106819      12.994913      5766.2331     -15420.000
              1       40425919      2.2150000     -1.5153410      2.9489180     0.34907926      1830.5823     0.70707409      14.468055      4054.7397     -15556.000
              1       40824502      2.2200000     -1.5045368      3.0548147     0.40257599      1492.6782     0.68103836      15.055349      3313.7456     -15460.000
              1       41698808      2.2250000     -1.5005170      2.9188479    -0.69322300      101.38229     0.69366626      14.450121      225.57561     -14960.000
              1       42218600      2.2300000     -1.4926363      2.9830543     0.35724156      1615.0159     0.67701918      14.834431      3601.4855     -14924.000
              1       44468230      2.2350000     -1.4779216      3.3174134    -0.27637833      1585.4483     0.62160597      16.571226      3543.4770     -15340.000
              1       43893330      2.2400000     -1.4728629      2.8057855    -0.35949729      1439.3999     0.65598588      14.078309      3224.2558     -14928.000
              1       45909934      2.2450000     -1.4596761      3.6735748   -0.068798458      1749.4031     0.59202946      18.514909      3927.4100     -15288.000
              1       45387273      2.2500000     -1.4627379      2.5526016    -0.33876565      1540.7623     0.66950016      12.922546      3466.7151     -14880.000
              1       46233933      2.2550000     -1.4491034      2.5906578   -0.014273158      1852.9626     0.63586590      13.173560      4178.4308     -14752.000
              1       47708462      2.2600000     -1.4387933      2.8631582    -0.30491421      1314.1738     0.60703205      14.623867      2970.0329     -14836.000
              1       48903598      2.2650000     -1.4246161      2.8335791    -0.31701943      1051.8685     0.54978678      14.536898      2382.4823     -14480.000
              1       49890008      2.2700000     -1.4179110      2.7321031   -0.015358426      1493.3167     0.56114425      14.078254      3389.8288     -13272.000
              1       51956226      2.2750000     -1.4003474      2.9894301    0.044965008      1155.5700     0.47029555      15.472169      2628.9217     -14192.000
              1       51844385      2.2800000     -1.3880088      2.6702229   -0.021513332      1038.6749     0.45428138      13.880887      2368.1787     -14180.000
              1       52556395      2.2850000     -1.3771027      2.7245118     0.23916052      660.55018     0.41131790      14.225289      1509.3572     -13820.000
              1       54442495      2.2900000     -1.3686314      2.5207750     0.13630588      738.11463     0.39042767      13.219196      1690.2825     -13720.000
              1       56180688      2.2950000     -1.3590616      2.4903591     0.20955664      541.56303     0.36689400      13.116784      1242.8872     -14212.000
              1       56824132      2.3000000     -1.3475721      2.2818933    -0.11330524      555.00165     0.33071421      12.071216      1276.5038     -13760.000
              1       56768519      2.3050000     -1.3388937      2.1391621    -0.16706471      451.43380     0.31923545      11.365421      1040.5549     -12888.000
              1       58217325      2.3100000     -1.3241087      1.9723108    0.058887092      354.73325     0.24281411      10.524448      819.43380     -13044.000
              1       59368216      2.3150000     -1.3202522      2.0413320   -0.081462772      391.15192     0.26413775      10.939957      905.51669     -12848.000
              1       59840109      2.3200000     -1.3107420      1.8773224     0.11084009      288.21308     0.23707769      10.104500      668.65436     -13596.000
              1       60785352      2.3250000     -1.3022381      1.7432309   -0.020090242      290.51168     0.21818643      9.4232523      675.43966     -13252.000
              1       61540737      2.3300000     -1.2930873      1.6614296  -0.0081356540      215.56995     0.18596514      9.0197351      502.27799     -12500.000
              1       62312736      2.3350000     -1.2836090      1.5428943   -0.028589052      164.30425     0.16016436      8.4122071      383.65043     -12488.000
              1       62827054      2.3400000     -1.2789060      1.5287354   -0.027134386      176.27277     0.16097869      8.3707438      412.47829     -12616.000
              1       63688969      2.3450000     -1.2715032      1.5159059   -0.020124436      152.88727     0.15428516      8.3360045      358.52064     -12460.000
              1       64316193      2.3500000     -1.2653078      1.4277230   -0.046203800      139.59028     0.15461989      7.8846005      328.03716     -12680.000
              1       64637975      2.3550000     -1.2592551      1.4909530  -0.0089790740      144.94052     0.14873948      8.2688628      341.33491     -12608.000
              1       65445624      2.3600000     -1.2522685      1.4288848    0.011492438      127.49181     0.13898407      7.9583168      300.88068     -12076.000
              1       66271955      2.3650000     -1.2456872      1.3238341   -0.012281432      86.116858     0.11449913      7.4045018      203.66637     -12572.000
              1       66926613      2.3700000     -1.2391840      1.2955682    0.016311322      105.49193     0.12964350      7.2770770      250.01587     -12584.000
              1       67547590      2.3750000     -1.2321035      1.3275695  -0.0042483780      76.159741     0.10592113      7.4883219      180.87939     -13348.000
              1       67961500      2.3800000     -1.2267633      1.2735371   -0.012274386      92.481856     0.11984732      7.2138236      220.10682     -12488.000
              1       68702716      2.3850000     -1.2202115      1.2315334  -0.0057951940      73.252109     0.10538589      7.0052390      174.70628     -12200.000
              1       69088174      2.3900000     -1.2155031      1.2672708    0.027267982      78.292599     0.11287726      7.2387775      187.11931     -12184.000
              1       69839190      2.3950000     -1.2103325      1.2391473   -0.016251508      77.079310     0.11038796      7.1077802      184.60495     -12136.000
              1       70493498      2.4000000     -1.2039636      1.1563272   -0.012036880      61.517700    0.099511576      6.6604446      147.64248     -11708.000
