         cycles        counter    temperature          E avg       Heat cap          M avg      Magn susp      M avg abs     E variance     M variance              E
              1        1428861      2.0000000     -1.7457856     0.77247428     0.91125642     0.42131652     0.91125642      3.0898971     0.84263305     -6128.0000
              1        1440873      2.0050000     -1.7429799     0.69752967     0.91038814     0.36148719     0.91038814      2.8040867     0.72478182     -6108.0000
              1        1462534      2.0100000     -1.7398383     0.74322773     0.90904467     0.40351917     0.90904467      3.0027144     0.81107353     -6208.0000
              1        1482778      2.0150000     -1.7342598     0.76672957     0.90600414     0.43041112     0.90600414      3.1130946     0.86727842     -6376.0000
              1        1533084      2.0200000     -1.7292718     0.79996662     0.90331944     0.50719020     0.90331944      3.2641838      1.0245242     -6284.0000
              1        1537274      2.0250000     -1.7268029     0.78435686     0.90265339     0.45421178     0.90265339      3.2163534     0.91977885     -6148.0000
              1        1561169      2.0300000     -1.7234293     0.80875730     0.90093592     0.50655539     0.90093592      3.3328080      1.0283074     -6148.0000
              1        1602185      2.0350000     -1.7186414     0.79298791     0.89896931     0.47071914     0.89896931      3.2839414     0.95791344     -6084.0000
              1        1598610      2.0400000     -1.7157337     0.81452850     0.89733464     0.52883344     0.89733464      3.3897418      1.0788202     -6236.0000
              1        1631823      2.0450000     -1.7120758     0.78598683     0.89585856     0.49091238     0.89585856      3.2870166      1.0039158     -6132.0000
              1        1665401      2.0500000     -1.7066863     0.86249216     0.89241997     0.63132420     0.89241997      3.6246233      1.2942146     -6084.0000
              1        1673260      2.0550000     -1.7037751     0.82971551     0.89113286     0.63191566     0.89113286      3.5039094      1.2985867     -6208.0000
              1        1727281      2.0600000     -1.6986042     0.86929492     0.88859781     0.66538308     0.88859781      3.6889399      1.3706891     -6152.0000
              1        1732570      2.0650000     -1.6944267     0.85999907     0.88675206     0.66265170     0.88675206      3.6672295      1.3683758     -6236.0000
              1        1790609      2.0700000     -1.6901162     0.89310827     0.88434008     0.70574464     0.88434008      3.8268796      1.4608914     -6064.0000
              1        1818440      2.0750000     -1.6866749     0.88229229     0.88326758     0.65764875     0.88326758      3.7988198      1.3646212     -6080.0000
              1        1826742      2.0800000     -1.6810923     0.88858966     0.87946553     0.73444119     0.87946553      3.8443943      1.5276377     -6164.0000
              1        1878349      2.0850000     -1.6757825     0.94608004     0.87567917     0.92119563     0.87567917      4.1128228      1.9206929     -6088.0000
              1        1902972      2.0900000     -1.6709623     0.95655886     0.87349186     0.85039438     0.87349186      4.1783448      1.7773243     -5816.0000
              1        1942166      2.0950000     -1.6665672     0.93608914     0.87137044     0.82414092     0.87137044      4.1085186      1.7265752     -6036.0000
              1        1961500      2.1000000     -1.6607828     0.96589164     0.86819531     0.90391578     0.86819531      4.2595821      1.8982231     -6140.0000
              1        1968008      2.1050000     -1.6590098     0.96917988     0.86752631     0.93121529     0.86752631      4.2944603      1.9602082     -5836.0000
              1        1998958      2.1100000     -1.6542681     0.96701946     0.86418550      1.0054713     0.86418550      4.3052673      2.1215445     -6148.0000
              1        2042162      2.1150000     -1.6494139      1.0108745     0.86204233      1.0049039     0.86204233      4.5218691      2.1253717     -6052.0000
              1        2062652      2.1200000     -1.6422802      1.0344536     0.85666500      1.4090014     0.85666500      4.6492483      2.9870830     -5900.0000
              1        2104989      2.1250000     -1.6366022      1.0389588     0.85348753      1.1870822     0.85348753      4.6915482      2.5225497     -5956.0000
              1        2170211      2.1300000     -1.6313858      1.0744671     0.84983339      1.4276741     0.84983339      4.8747497      3.0409457     -5844.0000
              1        2203844      2.1350000     -1.6221878      1.2823606     0.83655589      4.4145100     0.83655589      5.8452880      9.4249789     -5816.0000
              1        2212407      2.1400000     -1.6206400      1.0800019     0.84340067      1.3656270     0.84340067      4.9459766      2.9224417     -5780.0000
              1        2222529      2.1450000     -1.6193468      1.1022524     0.84437392      1.3040577     0.84437392      5.0714910      2.7972038     -5892.0000
              1        2269890      2.1500000     -1.6111922      1.1784979     0.83733050      1.7572609     0.83733050      5.4476065      3.7781109     -5984.0000
              1        2344916      2.1550000     -1.6027974      1.2153779     0.83145194      1.8538352     0.83145194      5.6442453      3.9950148     -5616.0000
              1        2354921      2.1600000     -1.5976477      1.2032266     0.82723297      1.8365312     0.82723297      5.6137740      3.9669073     -5800.0000
              1        2411766      2.1650000     -1.5916557      1.3027677     0.82022842      2.9360627     0.82022842      6.1063653      6.3565758     -5500.0000
              1        2458795      2.1700000     -1.5861981      1.2826184     0.81999503      2.1304045     0.81999503      6.0397216      4.6229779     -5768.0000
              1        2447110      2.1750000     -1.5855601      1.2713339     0.82151611      2.2877498     0.82151611      6.0142039      4.9758558     -5696.0000
              1        2532894      2.1800000     -1.5712676      1.3558519     0.80566894      3.1793842     0.80566894      6.4435506      6.9310576     -5344.0000
              1        2594238      2.1850000     -1.5666009      1.2971193     0.80288158      3.1459767     0.80288158      6.1927393      6.8739592     -5436.0000
              1        2618765      2.1900000     -1.5610086      1.3306285     0.79846619      3.6697955     0.79846619      6.3818273      8.0368521     -5644.0000
              1        2630052      2.1950000     -1.5539313      1.5204822     0.79305311      3.9462182     0.79305311      7.3257211      8.6619489     -5620.0000
              1        2746112      2.2000000     -1.5432272      1.4566399     0.77877108      4.1604477     0.77877108      7.0501372      9.1529849     -5412.0000
              1        2733762      2.2050000     -1.5425801      1.4683481     0.78146092      5.3135798     0.78146092      7.1391451      11.716443     -5612.0000
              1        2821229      2.2100000     -1.5280635      1.6970601     0.75939167      13.016376     0.75939167      8.2886112      28.766191     -5360.0000
              1        2802947      2.2150000     -1.5290928      1.4966972     0.77170508      5.3541938     0.77170508      7.3431330      11.859539     -5420.0000
              1        2947291      2.2200000     -1.5136516      1.6945904     0.74633578      9.1404671     0.74633578      8.3516194      20.291837     -5496.0000
              1        2915027      2.2250000     -1.5133972      1.5703634     0.75672219      5.6229620     0.75672219      7.7742804      12.511090     -5724.0000
              1        2902890      2.2300000     -1.5102876      1.5301126     0.75326467      6.1135546     0.75326467      7.6090971      13.633227     -5576.0000
              1        3034241      2.2350000     -1.4926483      1.6856004     0.72775572      9.7766092     0.72775572      8.4199534      21.850721     -5596.0000
              1        3141310      2.2400000     -1.4819676      1.7987329     0.70592619      14.090724     0.70592619      9.0253224      31.563221     -5308.0000
              1        3148202      2.2450000     -1.4738447      1.9105755     0.70443817      14.601576     0.70443817      9.6293481      32.780539     -5220.0000
              1        3225374      2.2500000     -1.4709642      1.8348750     0.70337167      11.660581     0.70337167      9.2890548      26.236307     -5352.0000
              1        3310417      2.2550000     -1.4589654      1.8222337     0.68343314      12.097504     0.68343314      9.2661038      27.279872     -5512.0000
              1        3410432      2.2600000     -1.4548716      1.9320786     0.67753144      18.016467     0.67753144      9.8682846      40.717216     -5188.0000
              1        3409972      2.2650000     -1.4083777      2.6484997     0.30661119      271.07163     0.45111036      13.587399      613.97725     -5272.0000
              1        3413437      2.2700000     -1.4305311      2.2000789     0.62471158      50.090014     0.62966392      11.336787      113.70433     -4824.0000
              1        3626268      2.2750000     -1.4201695      2.1519780     0.60551197      46.040537     0.60999192      11.137831      104.74222     -5156.0000
              1        3744085      2.2800000     -1.3929930      2.1071810     0.44399706      147.58369     0.50608883      10.953970      336.49081     -5292.0000
              1        3647927      2.2850000     -1.4049106      2.1804597     0.59834219      26.924775     0.59852358      11.384671      61.523111     -5060.0000
              1        3877031      2.2900000     -1.3857553      2.1418310     0.54394908      40.023390     0.54407353      11.231976      91.653564     -5144.0000
              1        4020593      2.2950000     -1.3747720      2.1826993     0.50012700      68.314064     0.51322794      11.496332      156.78078     -5088.0000
              1        4026323      2.3000000     -1.3638711      2.2723231     0.41935025      145.74961     0.48815414      12.020589      335.22410     -5112.0000
              1        3873169      2.3050000     -1.3466126      2.2053068     0.33071008      168.56239     0.42281714      11.716850      388.53630     -4948.0000
              1        4110474      2.3100000     -1.3436309      2.2904368     0.18262583      313.40577     0.44355039      12.222000      723.96734     -4500.0000
              1        4067591      2.3150000     -1.3397688      2.1733656     0.30970039      223.24376     0.45580872      11.647555      516.80931     -5240.0000
              1        4203985      2.3200000     -1.3235424      1.9029211     0.27945644      180.29974     0.40379483      10.242282      418.29541     -4784.0000
              1        4294026      2.3250000     -1.3134174      1.8835935    0.093931528      248.14148     0.36790219      10.182000      576.92894     -4856.0000
              1        4487008      2.3300000     -1.3020602      2.1686193     0.17696586      169.54729     0.31582097      11.773217      395.04519     -4492.0000
              1        4522996      2.3350000     -1.2945553      1.7521823    0.045966444      206.23750     0.32019606      9.5532920      481.56457     -4592.0000
              1        4482129      2.3400000     -1.2905433      1.9349659     0.31035656      73.006056     0.33150806      10.595099      170.83417     -4528.0000
              1        4571122      2.3450000     -1.2727287      1.7455631    0.085944806      116.16562     0.24174119      9.5988953      272.40839     -4484.0000
              1        4539766      2.3500000     -1.2713202      1.7928200    0.064493500      149.13318     0.26724878      9.9008484      350.46296     -4648.0000
              1        4622088      2.3550000     -1.2642683      1.7031436  -0.0063297778      137.73212     0.24222578      9.4456772      324.35914     -4416.0000
              1        4720165      2.3600000     -1.2553747      1.6586209    0.080266306      119.56499     0.24074269      9.2378551      282.17337     -4420.0000
              1        4734553      2.3650000     -1.2543928      1.6682737     0.12098364      117.31309     0.25457381      9.3310299      277.44546     -4576.0000
              1        4750426      2.3700000     -1.2447907      1.6795096    0.081689944      124.99004     0.24855433      9.4336374      296.22640     -4580.0000
              1        4815179      2.3750000     -1.2440073      1.6063227    0.021398306      137.65254     0.25212942      9.0606637      326.92478     -4996.0000
              1        4868515      2.3800000     -1.2321443      1.5783625    0.043204056      109.82513     0.22009372      8.9404764      261.38382     -4572.0000
              1        4942230      2.3850000     -1.2276856      1.5206954    0.074455389      100.65339     0.22225367      8.6500574      240.05833     -4552.0000
              1        4979600      2.3900000     -1.2186081      1.4832187    0.074557944      87.870756     0.20531556      8.4722936      210.01111     -4308.0000
              1        5030151      2.3950000     -1.2142909      1.4125279    0.082395806      79.044999     0.19723764      8.1022954      189.31277     -4676.0000
              1        5027936      2.4000000     -1.2098019      1.4504383    0.075673389      83.632407     0.20466583      8.3545243      200.71778     -4240.0000
